52.1729	20.9418	335
52.1771	20.9276	564
52.1820	20.9090	709
52.1820	20.8878	815
52.1808	20.8629	968
52.1803	20.8355	1189
52.1842	20.7994	1600
52.1844	20.7715	1935
52.1834	20.7294	2408
52.1817	20.6734	2934
52.1797	20.6128	3322
52.1773	20.5428	3620
52.1757	20.4944	3909
52.1741	20.4163	4382
52.1766	20.3727	4618
52.1811	20.2959	5075
52.1858	20.2154	5517
52.1904	20.1375	5883
52.1948	20.0597	6195
52.2005	19.9605	6599
52.2050	19.8778	7224
52.2092	19.8014	7643
52.2138	19.7183	7864
52.2186	19.6297	8024
52.2221	19.5642	8146
52.2253	19.5020	8252
52.2291	19.4300	8329
52.2328	19.3581	8550
52.2358	19.2984	8679
52.2396	19.2232	8877
52.2426	19.1607	8999
52.2464	19.0827	9251
52.2497	19.0146	9495
52.2544	18.9155	9624
52.2589	18.8191	9792
52.2636	18.7176	10089
52.2677	18.6246	10287
52.2723	18.5225	10493
52.2766	18.4242	10698
52.2808	18.3254	10919
52.2836	18.2585	11095
52.2865	18.1892	11217
52.2891	18.1232	11300
52.2931	18.0253	11491
52.2955	17.9616	11560
52.2989	17.8741	11575
52.3030	17.7676	11567
52.3052	17.7100	11567
52.3088	17.6137	11567
52.3122	17.5179	11567
52.3156	17.4216	11567
52.3191	17.3223	11560
52.3224	17.2269	11560
52.3257	17.1313	11567
52.3289	17.0319	11567
52.3319	16.9334	11567
52.3361	16.8008	11575
52.3385	16.7159	11575
52.3402	16.6574	11575
52.3439	16.5268	11575
52.3466	16.4267	11567
52.3491	16.3322	11567
52.3514	16.2398	11567
52.3541	16.1318	11567
52.3564	16.0350	11567
52.3586	15.9391	11567
52.3601	15.8757	11567
52.3623	15.7765	11575
52.3644	15.6745	11575
52.3665	15.5765	11575
52.3685	15.4755	11567
52.3703	15.3699	11567
52.3720	15.2758	11567
52.3734	15.1939	11567
52.3750	15.0915	11575
52.3764	14.9954	11582
52.3778	14.8987	11575
52.3792	14.8004	11575
52.3809	14.6622	11560
52.3815	14.5609	11567
52.3815	14.4603	11567
52.3816	14.3595	11567
52.3816	14.2946	11567
52.3814	14.1865	11575
52.3811	14.0821	11575
52.3809	13.9880	11567
52.3806	13.8886	11567
52.3802	13.7872	11567
52.3797	13.6823	11575
52.3787	13.5333	11582
52.3783	13.4695	11582
52.3775	13.3729	11575
52.3768	13.2860	11567
52.3758	13.1829	11560
52.3743	13.0329	11560
52.3731	12.9316	11560
52.3724	12.8740	11560
52.3712	12.7863	11560
52.3698	12.6801	11560
52.3682	12.5753	11575
52.3666	12.4688	11575
52.3654	12.3940	11582
52.3637	12.2925	11575
52.3619	12.1929	11582
52.3600	12.0868	11575
52.3581	11.9868	11582
52.3560	11.8829	11575
52.3538	11.7818	11567
52.3511	11.6667	11567
52.3488	11.5677	11560
52.3460	11.4521	11552
52.3437	11.3610	11560
52.3412	11.2618	11567
52.3385	11.1572	11575
52.3357	11.0580	11575
52.3329	10.9583	11582
52.3301	10.8565	11582
52.3270	10.7496	11575
52.3237	10.6464	11575
52.3204	10.5444	11567
52.3169	10.4398	11560
52.3139	10.3519	11560
52.3096	10.2293	11567
52.3060	10.1256	11567
52.3018	10.0098	11567
52.2983	9.9148	11567
52.2951	9.8297	11575
52.2912	9.7309	11575
52.2870	9.6249	11575
52.2827	9.5200	11575
52.2784	9.4145	11575
52.2742	9.3163	11575
52.2698	9.2125	11567
52.2675	9.1611	11567
52.2628	9.0546	11567
52.2583	8.9538	11567
52.2557	8.9001	11560
52.2520	8.8209	11560
52.2482	8.7389	11560
52.2423	8.6143	11575
52.2373	8.5117	11567
52.2320	8.4077	11567
52.2271	8.3097	11567
52.2218	8.2091	11567
52.2163	8.1049	11567
52.2111	8.0056	11567
52.2056	7.9058	11567
52.2001	7.8057	11567
52.1964	7.7389	11567
52.1932	7.6820	11567
52.1897	7.6223	11567
52.1864	7.5649	11567
52.1804	7.4617	11575
52.1742	7.3560	11575
52.1679	7.2505	11575
52.1619	7.1517	11575
52.1559	7.0537	11582
52.1492	6.9471	11575
52.1427	6.8454	11575
52.1362	6.7431	11575
52.1321	6.6805	11567
52.1269	6.6002	11575
52.1211	6.5136	11560
52.1115	6.3712	11560
52.1049	6.2746	11560
52.0976	6.1702	11567
52.0903	6.0663	11575
52.0828	5.9607	11575
52.0754	5.8579	11567
52.0679	5.7536	11567
52.0602	5.6500	11453
52.0527	5.5495	11323
52.0454	5.4524	11179
52.0402	5.3829	11072
52.0332	5.2918	10973
52.0273	5.2150	10958
52.0223	5.1519	10958
52.0130	5.0349	10965
52.0077	4.9689	10965
52.0042	4.9245	10958
51.9953	4.8157	10958
51.9871	4.7160	10965
51.9717	4.5320	10965
51.9633	4.4324	10965
51.9506	4.2844	10965
51.9417	4.1807	10965
51.9357	4.1121	10965
51.9267	4.0104	10958
51.9176	3.9075	10958
51.9115	3.8394	10965
51.9016	3.7297	10965
51.8954	3.6525	10965
51.8890	3.5518	10965
51.8828	3.4547	10965
51.8759	3.3512	10958
51.8671	3.2201	10958
51.8588	3.0978	10958
51.8518	2.9945	10950
51.8455	2.9038	10912
51.8388	2.8089	10767
51.8313	2.7058	10592
51.8254	2.6228	10378
51.8177	2.5165	10150
51.8102	2.4136	9898
51.8023	2.3097	9639
51.7914	2.1668	9289
51.7837	2.0656	9014
51.7759	1.9638	8679
51.7688	1.8750	8367
51.7578	1.7365	7910
51.7536	1.6853	7727
51.7449	1.5762	7338
51.7381	1.4639	6919
51.7349	1.4129	6721
51.7291	1.3227	6393
51.7230	1.2317	6050
51.7151	1.1136	5593
51.7117	1.0641	5403
51.7086	1.0178	5197
51.7000	0.8937	4709
51.6958	0.8327	4458
51.6926	0.7863	4298
51.6871	0.7088	4122
51.6796	0.6045	3635
51.6745	0.5328	3307
51.6709	0.4826	3063
51.6656	0.4475	2896
51.6531	0.4132	2736
51.6357	0.3720	2492
51.6106	0.3113	2217
51.5941	0.2710	2004
51.5738	0.2214	1798
51.5508	0.1653	1699
51.5401	0.1391	1646
51.5280	0.1094	1577
51.5149	0.0770	1501
51.5048	0.0523	1448
51.4965	0.0321	1524
51.4782	-0.0648	1250
51.4783	-0.1060	1151
51.4783	-0.1463	998
51.4782	-0.1844	846
51.4782	-0.2121	732
51.4781	-0.2492	594
51.4781	-0.2841	465
51.4780	-0.3198	335
51.4780	-0.3454	365
51.4778	-0.4006	38
51.4778	-0.4136	0
